{
 "cells": [
  {
   "cell_type": "code",
   "execution_count": 1,
   "metadata": {},
   "outputs": [],
   "source": [
    "import pandas as pd\n",
    "import numpy as np\n",
    "import math \n",
    "from math import pi,sqrt, cos\n",
    "import matplotlib.pyplot as plt\n",
    "import seaborn as sns\n",
    "%matplotlib inline\n",
    "from sklearn.model_selection import train_test_split\n",
    "from sklearn.linear_model import LinearRegression\n",
    "from sklearn.feature_selection import RFE\n",
    "from sklearn.metrics import r2_score\n",
    "\n",
    "import warnings\n",
    "warnings.filterwarnings(\"ignore\")"
   ]
  },
  {
   "cell_type": "code",
   "execution_count": 49,
   "metadata": {},
   "outputs": [],
   "source": [
    "student_mat=pd.read_csv(\"student-mat.csv\")"
   ]
  },
  {
   "cell_type": "code",
   "execution_count": 97,
   "metadata": {},
   "outputs": [
    {
     "data": {
      "text/plain": [
       "(395, 33)"
      ]
     },
     "execution_count": 97,
     "metadata": {},
     "output_type": "execute_result"
    }
   ],
   "source": [
    "student_mat.shape"
   ]
  },
  {
   "cell_type": "code",
   "execution_count": 50,
   "metadata": {},
   "outputs": [],
   "source": [
    "student_por=pd.read_csv(\"student-por.csv\")"
   ]
  },
  {
   "cell_type": "code",
   "execution_count": 98,
   "metadata": {},
   "outputs": [
    {
     "data": {
      "text/plain": [
       "(649, 33)"
      ]
     },
     "execution_count": 98,
     "metadata": {},
     "output_type": "execute_result"
    }
   ],
   "source": [
    "student_por.shape"
   ]
  },
  {
   "cell_type": "code",
   "execution_count": 51,
   "metadata": {},
   "outputs": [
    {
     "data": {
      "text/plain": [
       "Index(['school', 'sex', 'age', 'address', 'famsize', 'Pstatus', 'Medu', 'Fedu',\n",
       "       'Mjob', 'Fjob', 'reason', 'guardian', 'traveltime', 'studytime',\n",
       "       'failures', 'schoolsup', 'famsup', 'paid', 'activities', 'nursery',\n",
       "       'higher', 'internet', 'romantic', 'famrel', 'freetime', 'goout', 'Dalc',\n",
       "       'Walc', 'health', 'absences', 'G1', 'G2', 'G3'],\n",
       "      dtype='object')"
      ]
     },
     "execution_count": 51,
     "metadata": {},
     "output_type": "execute_result"
    }
   ],
   "source": [
    "student_mat.columns"
   ]
  },
  {
   "cell_type": "code",
   "execution_count": 52,
   "metadata": {},
   "outputs": [
    {
     "data": {
      "text/plain": [
       "Index(['school', 'sex', 'age', 'address', 'famsize', 'Pstatus', 'Medu', 'Fedu',\n",
       "       'Mjob', 'Fjob', 'reason', 'guardian', 'traveltime', 'studytime',\n",
       "       'failures', 'schoolsup', 'famsup', 'paid', 'activities', 'nursery',\n",
       "       'higher', 'internet', 'romantic', 'famrel', 'freetime', 'goout', 'Dalc',\n",
       "       'Walc', 'health', 'absences', 'G1', 'G2', 'G3'],\n",
       "      dtype='object')"
      ]
     },
     "execution_count": 52,
     "metadata": {},
     "output_type": "execute_result"
    }
   ],
   "source": [
    "student_por.columns"
   ]
  },
  {
   "cell_type": "code",
   "execution_count": 300,
   "metadata": {},
   "outputs": [],
   "source": [
    "df=pd.concat([student_mat,student_por])"
   ]
  },
  {
   "cell_type": "code",
   "execution_count": 284,
   "metadata": {},
   "outputs": [
    {
     "data": {
      "text/plain": [
       "(1044, 33)"
      ]
     },
     "execution_count": 284,
     "metadata": {},
     "output_type": "execute_result"
    }
   ],
   "source": [
    "df.shape"
   ]
  },
  {
   "cell_type": "code",
   "execution_count": 134,
   "metadata": {},
   "outputs": [
    {
     "data": {
      "text/html": [
       "<div>\n",
       "<style scoped>\n",
       "    .dataframe tbody tr th:only-of-type {\n",
       "        vertical-align: middle;\n",
       "    }\n",
       "\n",
       "    .dataframe tbody tr th {\n",
       "        vertical-align: top;\n",
       "    }\n",
       "\n",
       "    .dataframe thead th {\n",
       "        text-align: right;\n",
       "    }\n",
       "</style>\n",
       "<table border=\"1\" class=\"dataframe\">\n",
       "  <thead>\n",
       "    <tr style=\"text-align: right;\">\n",
       "      <th></th>\n",
       "      <th>school</th>\n",
       "      <th>sex</th>\n",
       "      <th>age</th>\n",
       "      <th>address</th>\n",
       "      <th>famsize</th>\n",
       "      <th>Pstatus</th>\n",
       "      <th>Medu</th>\n",
       "      <th>Fedu</th>\n",
       "      <th>Mjob</th>\n",
       "      <th>Fjob</th>\n",
       "      <th>...</th>\n",
       "      <th>famrel</th>\n",
       "      <th>freetime</th>\n",
       "      <th>goout</th>\n",
       "      <th>Dalc</th>\n",
       "      <th>Walc</th>\n",
       "      <th>health</th>\n",
       "      <th>absences</th>\n",
       "      <th>G1</th>\n",
       "      <th>G2</th>\n",
       "      <th>G3</th>\n",
       "    </tr>\n",
       "  </thead>\n",
       "  <tbody>\n",
       "    <tr>\n",
       "      <td>0</td>\n",
       "      <td>GP</td>\n",
       "      <td>F</td>\n",
       "      <td>18</td>\n",
       "      <td>U</td>\n",
       "      <td>GT3</td>\n",
       "      <td>A</td>\n",
       "      <td>4</td>\n",
       "      <td>4</td>\n",
       "      <td>at_home</td>\n",
       "      <td>teacher</td>\n",
       "      <td>...</td>\n",
       "      <td>4</td>\n",
       "      <td>3</td>\n",
       "      <td>4</td>\n",
       "      <td>1</td>\n",
       "      <td>1</td>\n",
       "      <td>3</td>\n",
       "      <td>6</td>\n",
       "      <td>5</td>\n",
       "      <td>6</td>\n",
       "      <td>6</td>\n",
       "    </tr>\n",
       "    <tr>\n",
       "      <td>1</td>\n",
       "      <td>GP</td>\n",
       "      <td>F</td>\n",
       "      <td>17</td>\n",
       "      <td>U</td>\n",
       "      <td>GT3</td>\n",
       "      <td>T</td>\n",
       "      <td>1</td>\n",
       "      <td>1</td>\n",
       "      <td>at_home</td>\n",
       "      <td>other</td>\n",
       "      <td>...</td>\n",
       "      <td>5</td>\n",
       "      <td>3</td>\n",
       "      <td>3</td>\n",
       "      <td>1</td>\n",
       "      <td>1</td>\n",
       "      <td>3</td>\n",
       "      <td>4</td>\n",
       "      <td>5</td>\n",
       "      <td>5</td>\n",
       "      <td>6</td>\n",
       "    </tr>\n",
       "    <tr>\n",
       "      <td>2</td>\n",
       "      <td>GP</td>\n",
       "      <td>F</td>\n",
       "      <td>15</td>\n",
       "      <td>U</td>\n",
       "      <td>LE3</td>\n",
       "      <td>T</td>\n",
       "      <td>1</td>\n",
       "      <td>1</td>\n",
       "      <td>at_home</td>\n",
       "      <td>other</td>\n",
       "      <td>...</td>\n",
       "      <td>4</td>\n",
       "      <td>3</td>\n",
       "      <td>2</td>\n",
       "      <td>2</td>\n",
       "      <td>3</td>\n",
       "      <td>3</td>\n",
       "      <td>10</td>\n",
       "      <td>7</td>\n",
       "      <td>8</td>\n",
       "      <td>10</td>\n",
       "    </tr>\n",
       "    <tr>\n",
       "      <td>3</td>\n",
       "      <td>GP</td>\n",
       "      <td>F</td>\n",
       "      <td>15</td>\n",
       "      <td>U</td>\n",
       "      <td>GT3</td>\n",
       "      <td>T</td>\n",
       "      <td>4</td>\n",
       "      <td>2</td>\n",
       "      <td>health</td>\n",
       "      <td>services</td>\n",
       "      <td>...</td>\n",
       "      <td>3</td>\n",
       "      <td>2</td>\n",
       "      <td>2</td>\n",
       "      <td>1</td>\n",
       "      <td>1</td>\n",
       "      <td>5</td>\n",
       "      <td>2</td>\n",
       "      <td>15</td>\n",
       "      <td>14</td>\n",
       "      <td>15</td>\n",
       "    </tr>\n",
       "    <tr>\n",
       "      <td>4</td>\n",
       "      <td>GP</td>\n",
       "      <td>F</td>\n",
       "      <td>16</td>\n",
       "      <td>U</td>\n",
       "      <td>GT3</td>\n",
       "      <td>T</td>\n",
       "      <td>3</td>\n",
       "      <td>3</td>\n",
       "      <td>other</td>\n",
       "      <td>other</td>\n",
       "      <td>...</td>\n",
       "      <td>4</td>\n",
       "      <td>3</td>\n",
       "      <td>2</td>\n",
       "      <td>1</td>\n",
       "      <td>2</td>\n",
       "      <td>5</td>\n",
       "      <td>4</td>\n",
       "      <td>6</td>\n",
       "      <td>10</td>\n",
       "      <td>10</td>\n",
       "    </tr>\n",
       "  </tbody>\n",
       "</table>\n",
       "<p>5 rows × 33 columns</p>\n",
       "</div>"
      ],
      "text/plain": [
       "  school sex  age address famsize Pstatus  Medu  Fedu     Mjob      Fjob  ...  \\\n",
       "0     GP   F   18       U     GT3       A     4     4  at_home   teacher  ...   \n",
       "1     GP   F   17       U     GT3       T     1     1  at_home     other  ...   \n",
       "2     GP   F   15       U     LE3       T     1     1  at_home     other  ...   \n",
       "3     GP   F   15       U     GT3       T     4     2   health  services  ...   \n",
       "4     GP   F   16       U     GT3       T     3     3    other     other  ...   \n",
       "\n",
       "  famrel freetime  goout  Dalc  Walc health absences  G1  G2  G3  \n",
       "0      4        3      4     1     1      3        6   5   6   6  \n",
       "1      5        3      3     1     1      3        4   5   5   6  \n",
       "2      4        3      2     2     3      3       10   7   8  10  \n",
       "3      3        2      2     1     1      5        2  15  14  15  \n",
       "4      4        3      2     1     2      5        4   6  10  10  \n",
       "\n",
       "[5 rows x 33 columns]"
      ]
     },
     "execution_count": 134,
     "metadata": {},
     "output_type": "execute_result"
    }
   ],
   "source": [
    "df.head()"
   ]
  },
  {
   "cell_type": "code",
   "execution_count": 20,
   "metadata": {},
   "outputs": [],
   "source": [
    "## Drop the dupliactes"
   ]
  },
  {
   "cell_type": "code",
   "execution_count": 358,
   "metadata": {},
   "outputs": [
    {
     "data": {
      "text/plain": [
       "Index(['school', 'sex', 'age', 'address', 'famsize', 'Pstatus', 'Medu', 'Fedu',\n",
       "       'Mjob', 'Fjob', 'reason', 'guardian', 'traveltime', 'studytime',\n",
       "       'failures', 'schoolsup', 'famsup', 'paid', 'activities', 'nursery',\n",
       "       'higher', 'internet', 'romantic', 'famrel', 'freetime', 'goout', 'Dalc',\n",
       "       'Walc', 'health', 'absences', 'G1', 'G2', 'G3'],\n",
       "      dtype='object')"
      ]
     },
     "execution_count": 358,
     "metadata": {},
     "output_type": "execute_result"
    }
   ],
   "source": [
    "df=df.drop_duplicates([\"school\",\"sex\",\"age\",\"address\",\"famsize\",\"Pstatus\",\"Medu\",\"Fedu\",\"Mjob\",\"Fjob\",\"reason\",\"nursery\",\"internet\"])\n",
    "df.columns"
   ]
  },
  {
   "cell_type": "code",
   "execution_count": 286,
   "metadata": {},
   "outputs": [
    {
     "data": {
      "text/html": [
       "<div>\n",
       "<style scoped>\n",
       "    .dataframe tbody tr th:only-of-type {\n",
       "        vertical-align: middle;\n",
       "    }\n",
       "\n",
       "    .dataframe tbody tr th {\n",
       "        vertical-align: top;\n",
       "    }\n",
       "\n",
       "    .dataframe thead th {\n",
       "        text-align: right;\n",
       "    }\n",
       "</style>\n",
       "<table border=\"1\" class=\"dataframe\">\n",
       "  <thead>\n",
       "    <tr style=\"text-align: right;\">\n",
       "      <th></th>\n",
       "      <th>age</th>\n",
       "      <th>Medu</th>\n",
       "      <th>Fedu</th>\n",
       "      <th>traveltime</th>\n",
       "      <th>studytime</th>\n",
       "      <th>failures</th>\n",
       "      <th>famrel</th>\n",
       "      <th>freetime</th>\n",
       "      <th>goout</th>\n",
       "      <th>Dalc</th>\n",
       "      <th>Walc</th>\n",
       "      <th>health</th>\n",
       "      <th>absences</th>\n",
       "      <th>G1</th>\n",
       "      <th>G2</th>\n",
       "      <th>G3</th>\n",
       "    </tr>\n",
       "  </thead>\n",
       "  <tbody>\n",
       "    <tr>\n",
       "      <td>age</td>\n",
       "      <td>1.000000</td>\n",
       "      <td>-0.119031</td>\n",
       "      <td>-0.133645</td>\n",
       "      <td>0.014530</td>\n",
       "      <td>0.001454</td>\n",
       "      <td>0.280021</td>\n",
       "      <td>-0.008453</td>\n",
       "      <td>-0.002414</td>\n",
       "      <td>0.094744</td>\n",
       "      <td>0.130655</td>\n",
       "      <td>0.069320</td>\n",
       "      <td>-0.013347</td>\n",
       "      <td>0.168313</td>\n",
       "      <td>-0.113206</td>\n",
       "      <td>-0.130408</td>\n",
       "      <td>-0.127446</td>\n",
       "    </tr>\n",
       "    <tr>\n",
       "      <td>Medu</td>\n",
       "      <td>-0.119031</td>\n",
       "      <td>1.000000</td>\n",
       "      <td>0.635156</td>\n",
       "      <td>-0.239830</td>\n",
       "      <td>0.104501</td>\n",
       "      <td>-0.163166</td>\n",
       "      <td>0.010211</td>\n",
       "      <td>-0.011450</td>\n",
       "      <td>0.022866</td>\n",
       "      <td>-0.018013</td>\n",
       "      <td>-0.036381</td>\n",
       "      <td>-0.002183</td>\n",
       "      <td>0.095703</td>\n",
       "      <td>0.208172</td>\n",
       "      <td>0.202776</td>\n",
       "      <td>0.182611</td>\n",
       "    </tr>\n",
       "    <tr>\n",
       "      <td>Fedu</td>\n",
       "      <td>-0.133645</td>\n",
       "      <td>0.635156</td>\n",
       "      <td>1.000000</td>\n",
       "      <td>-0.189146</td>\n",
       "      <td>0.045236</td>\n",
       "      <td>-0.170862</td>\n",
       "      <td>0.016171</td>\n",
       "      <td>0.009450</td>\n",
       "      <td>0.053071</td>\n",
       "      <td>-0.008774</td>\n",
       "      <td>0.032370</td>\n",
       "      <td>0.038402</td>\n",
       "      <td>0.068048</td>\n",
       "      <td>0.185636</td>\n",
       "      <td>0.156541</td>\n",
       "      <td>0.137159</td>\n",
       "    </tr>\n",
       "    <tr>\n",
       "      <td>traveltime</td>\n",
       "      <td>0.014530</td>\n",
       "      <td>-0.239830</td>\n",
       "      <td>-0.189146</td>\n",
       "      <td>1.000000</td>\n",
       "      <td>-0.066172</td>\n",
       "      <td>0.078820</td>\n",
       "      <td>-0.010459</td>\n",
       "      <td>-0.007536</td>\n",
       "      <td>0.039607</td>\n",
       "      <td>0.084199</td>\n",
       "      <td>0.060548</td>\n",
       "      <td>-0.045230</td>\n",
       "      <td>-0.049896</td>\n",
       "      <td>-0.071572</td>\n",
       "      <td>-0.111347</td>\n",
       "      <td>-0.073488</td>\n",
       "    </tr>\n",
       "    <tr>\n",
       "      <td>studytime</td>\n",
       "      <td>0.001454</td>\n",
       "      <td>0.104501</td>\n",
       "      <td>0.045236</td>\n",
       "      <td>-0.066172</td>\n",
       "      <td>1.000000</td>\n",
       "      <td>-0.125250</td>\n",
       "      <td>0.003935</td>\n",
       "      <td>-0.077845</td>\n",
       "      <td>-0.078264</td>\n",
       "      <td>-0.139678</td>\n",
       "      <td>-0.220301</td>\n",
       "      <td>-0.054130</td>\n",
       "      <td>-0.039015</td>\n",
       "      <td>0.172011</td>\n",
       "      <td>0.133655</td>\n",
       "      <td>0.097863</td>\n",
       "    </tr>\n",
       "    <tr>\n",
       "      <td>failures</td>\n",
       "      <td>0.280021</td>\n",
       "      <td>-0.163166</td>\n",
       "      <td>-0.170862</td>\n",
       "      <td>0.078820</td>\n",
       "      <td>-0.125250</td>\n",
       "      <td>1.000000</td>\n",
       "      <td>-0.068134</td>\n",
       "      <td>0.114463</td>\n",
       "      <td>0.060217</td>\n",
       "      <td>0.088939</td>\n",
       "      <td>0.084924</td>\n",
       "      <td>0.035372</td>\n",
       "      <td>0.087584</td>\n",
       "      <td>-0.368938</td>\n",
       "      <td>-0.360881</td>\n",
       "      <td>-0.359377</td>\n",
       "    </tr>\n",
       "    <tr>\n",
       "      <td>famrel</td>\n",
       "      <td>-0.008453</td>\n",
       "      <td>0.010211</td>\n",
       "      <td>0.016171</td>\n",
       "      <td>-0.010459</td>\n",
       "      <td>0.003935</td>\n",
       "      <td>-0.068134</td>\n",
       "      <td>1.000000</td>\n",
       "      <td>0.140165</td>\n",
       "      <td>0.091317</td>\n",
       "      <td>-0.069881</td>\n",
       "      <td>-0.092647</td>\n",
       "      <td>0.109476</td>\n",
       "      <td>-0.067647</td>\n",
       "      <td>0.060893</td>\n",
       "      <td>0.052807</td>\n",
       "      <td>0.061296</td>\n",
       "    </tr>\n",
       "    <tr>\n",
       "      <td>freetime</td>\n",
       "      <td>-0.002414</td>\n",
       "      <td>-0.011450</td>\n",
       "      <td>0.009450</td>\n",
       "      <td>-0.007536</td>\n",
       "      <td>-0.077845</td>\n",
       "      <td>0.114463</td>\n",
       "      <td>0.140165</td>\n",
       "      <td>1.000000</td>\n",
       "      <td>0.332688</td>\n",
       "      <td>0.117690</td>\n",
       "      <td>0.127746</td>\n",
       "      <td>0.088609</td>\n",
       "      <td>-0.042332</td>\n",
       "      <td>-0.040185</td>\n",
       "      <td>-0.061199</td>\n",
       "      <td>-0.058860</td>\n",
       "    </tr>\n",
       "    <tr>\n",
       "      <td>goout</td>\n",
       "      <td>0.094744</td>\n",
       "      <td>0.022866</td>\n",
       "      <td>0.053071</td>\n",
       "      <td>0.039607</td>\n",
       "      <td>-0.078264</td>\n",
       "      <td>0.060217</td>\n",
       "      <td>0.091317</td>\n",
       "      <td>0.332688</td>\n",
       "      <td>1.000000</td>\n",
       "      <td>0.252217</td>\n",
       "      <td>0.404503</td>\n",
       "      <td>0.002163</td>\n",
       "      <td>0.025046</td>\n",
       "      <td>-0.093786</td>\n",
       "      <td>-0.091030</td>\n",
       "      <td>-0.081691</td>\n",
       "    </tr>\n",
       "    <tr>\n",
       "      <td>Dalc</td>\n",
       "      <td>0.130655</td>\n",
       "      <td>-0.018013</td>\n",
       "      <td>-0.008774</td>\n",
       "      <td>0.084199</td>\n",
       "      <td>-0.139678</td>\n",
       "      <td>0.088939</td>\n",
       "      <td>-0.069881</td>\n",
       "      <td>0.117690</td>\n",
       "      <td>0.252217</td>\n",
       "      <td>1.000000</td>\n",
       "      <td>0.618431</td>\n",
       "      <td>0.065323</td>\n",
       "      <td>0.125517</td>\n",
       "      <td>-0.112935</td>\n",
       "      <td>-0.084944</td>\n",
       "      <td>-0.075212</td>\n",
       "    </tr>\n",
       "    <tr>\n",
       "      <td>Walc</td>\n",
       "      <td>0.069320</td>\n",
       "      <td>-0.036381</td>\n",
       "      <td>0.032370</td>\n",
       "      <td>0.060548</td>\n",
       "      <td>-0.220301</td>\n",
       "      <td>0.084924</td>\n",
       "      <td>-0.092647</td>\n",
       "      <td>0.127746</td>\n",
       "      <td>0.404503</td>\n",
       "      <td>0.618431</td>\n",
       "      <td>1.000000</td>\n",
       "      <td>0.118969</td>\n",
       "      <td>0.131147</td>\n",
       "      <td>-0.131321</td>\n",
       "      <td>-0.102820</td>\n",
       "      <td>-0.084689</td>\n",
       "    </tr>\n",
       "    <tr>\n",
       "      <td>health</td>\n",
       "      <td>-0.013347</td>\n",
       "      <td>-0.002183</td>\n",
       "      <td>0.038402</td>\n",
       "      <td>-0.045230</td>\n",
       "      <td>-0.054130</td>\n",
       "      <td>0.035372</td>\n",
       "      <td>0.109476</td>\n",
       "      <td>0.088609</td>\n",
       "      <td>0.002163</td>\n",
       "      <td>0.065323</td>\n",
       "      <td>0.118969</td>\n",
       "      <td>1.000000</td>\n",
       "      <td>-0.039903</td>\n",
       "      <td>-0.025414</td>\n",
       "      <td>-0.053883</td>\n",
       "      <td>-0.047812</td>\n",
       "    </tr>\n",
       "    <tr>\n",
       "      <td>absences</td>\n",
       "      <td>0.168313</td>\n",
       "      <td>0.095703</td>\n",
       "      <td>0.068048</td>\n",
       "      <td>-0.049896</td>\n",
       "      <td>-0.039015</td>\n",
       "      <td>0.087584</td>\n",
       "      <td>-0.067647</td>\n",
       "      <td>-0.042332</td>\n",
       "      <td>0.025046</td>\n",
       "      <td>0.125517</td>\n",
       "      <td>0.131147</td>\n",
       "      <td>-0.039903</td>\n",
       "      <td>1.000000</td>\n",
       "      <td>-0.050925</td>\n",
       "      <td>-0.042650</td>\n",
       "      <td>-0.004601</td>\n",
       "    </tr>\n",
       "    <tr>\n",
       "      <td>G1</td>\n",
       "      <td>-0.113206</td>\n",
       "      <td>0.208172</td>\n",
       "      <td>0.185636</td>\n",
       "      <td>-0.071572</td>\n",
       "      <td>0.172011</td>\n",
       "      <td>-0.368938</td>\n",
       "      <td>0.060893</td>\n",
       "      <td>-0.040185</td>\n",
       "      <td>-0.093786</td>\n",
       "      <td>-0.112935</td>\n",
       "      <td>-0.131321</td>\n",
       "      <td>-0.025414</td>\n",
       "      <td>-0.050925</td>\n",
       "      <td>1.000000</td>\n",
       "      <td>0.841436</td>\n",
       "      <td>0.796569</td>\n",
       "    </tr>\n",
       "    <tr>\n",
       "      <td>G2</td>\n",
       "      <td>-0.130408</td>\n",
       "      <td>0.202776</td>\n",
       "      <td>0.156541</td>\n",
       "      <td>-0.111347</td>\n",
       "      <td>0.133655</td>\n",
       "      <td>-0.360881</td>\n",
       "      <td>0.052807</td>\n",
       "      <td>-0.061199</td>\n",
       "      <td>-0.091030</td>\n",
       "      <td>-0.084944</td>\n",
       "      <td>-0.102820</td>\n",
       "      <td>-0.053883</td>\n",
       "      <td>-0.042650</td>\n",
       "      <td>0.841436</td>\n",
       "      <td>1.000000</td>\n",
       "      <td>0.913548</td>\n",
       "    </tr>\n",
       "    <tr>\n",
       "      <td>G3</td>\n",
       "      <td>-0.127446</td>\n",
       "      <td>0.182611</td>\n",
       "      <td>0.137159</td>\n",
       "      <td>-0.073488</td>\n",
       "      <td>0.097863</td>\n",
       "      <td>-0.359377</td>\n",
       "      <td>0.061296</td>\n",
       "      <td>-0.058860</td>\n",
       "      <td>-0.081691</td>\n",
       "      <td>-0.075212</td>\n",
       "      <td>-0.084689</td>\n",
       "      <td>-0.047812</td>\n",
       "      <td>-0.004601</td>\n",
       "      <td>0.796569</td>\n",
       "      <td>0.913548</td>\n",
       "      <td>1.000000</td>\n",
       "    </tr>\n",
       "  </tbody>\n",
       "</table>\n",
       "</div>"
      ],
      "text/plain": [
       "                 age      Medu      Fedu  traveltime  studytime  failures  \\\n",
       "age         1.000000 -0.119031 -0.133645    0.014530   0.001454  0.280021   \n",
       "Medu       -0.119031  1.000000  0.635156   -0.239830   0.104501 -0.163166   \n",
       "Fedu       -0.133645  0.635156  1.000000   -0.189146   0.045236 -0.170862   \n",
       "traveltime  0.014530 -0.239830 -0.189146    1.000000  -0.066172  0.078820   \n",
       "studytime   0.001454  0.104501  0.045236   -0.066172   1.000000 -0.125250   \n",
       "failures    0.280021 -0.163166 -0.170862    0.078820  -0.125250  1.000000   \n",
       "famrel     -0.008453  0.010211  0.016171   -0.010459   0.003935 -0.068134   \n",
       "freetime   -0.002414 -0.011450  0.009450   -0.007536  -0.077845  0.114463   \n",
       "goout       0.094744  0.022866  0.053071    0.039607  -0.078264  0.060217   \n",
       "Dalc        0.130655 -0.018013 -0.008774    0.084199  -0.139678  0.088939   \n",
       "Walc        0.069320 -0.036381  0.032370    0.060548  -0.220301  0.084924   \n",
       "health     -0.013347 -0.002183  0.038402   -0.045230  -0.054130  0.035372   \n",
       "absences    0.168313  0.095703  0.068048   -0.049896  -0.039015  0.087584   \n",
       "G1         -0.113206  0.208172  0.185636   -0.071572   0.172011 -0.368938   \n",
       "G2         -0.130408  0.202776  0.156541   -0.111347   0.133655 -0.360881   \n",
       "G3         -0.127446  0.182611  0.137159   -0.073488   0.097863 -0.359377   \n",
       "\n",
       "              famrel  freetime     goout      Dalc      Walc    health  \\\n",
       "age        -0.008453 -0.002414  0.094744  0.130655  0.069320 -0.013347   \n",
       "Medu        0.010211 -0.011450  0.022866 -0.018013 -0.036381 -0.002183   \n",
       "Fedu        0.016171  0.009450  0.053071 -0.008774  0.032370  0.038402   \n",
       "traveltime -0.010459 -0.007536  0.039607  0.084199  0.060548 -0.045230   \n",
       "studytime   0.003935 -0.077845 -0.078264 -0.139678 -0.220301 -0.054130   \n",
       "failures   -0.068134  0.114463  0.060217  0.088939  0.084924  0.035372   \n",
       "famrel      1.000000  0.140165  0.091317 -0.069881 -0.092647  0.109476   \n",
       "freetime    0.140165  1.000000  0.332688  0.117690  0.127746  0.088609   \n",
       "goout       0.091317  0.332688  1.000000  0.252217  0.404503  0.002163   \n",
       "Dalc       -0.069881  0.117690  0.252217  1.000000  0.618431  0.065323   \n",
       "Walc       -0.092647  0.127746  0.404503  0.618431  1.000000  0.118969   \n",
       "health      0.109476  0.088609  0.002163  0.065323  0.118969  1.000000   \n",
       "absences   -0.067647 -0.042332  0.025046  0.125517  0.131147 -0.039903   \n",
       "G1          0.060893 -0.040185 -0.093786 -0.112935 -0.131321 -0.025414   \n",
       "G2          0.052807 -0.061199 -0.091030 -0.084944 -0.102820 -0.053883   \n",
       "G3          0.061296 -0.058860 -0.081691 -0.075212 -0.084689 -0.047812   \n",
       "\n",
       "            absences        G1        G2        G3  \n",
       "age         0.168313 -0.113206 -0.130408 -0.127446  \n",
       "Medu        0.095703  0.208172  0.202776  0.182611  \n",
       "Fedu        0.068048  0.185636  0.156541  0.137159  \n",
       "traveltime -0.049896 -0.071572 -0.111347 -0.073488  \n",
       "studytime  -0.039015  0.172011  0.133655  0.097863  \n",
       "failures    0.087584 -0.368938 -0.360881 -0.359377  \n",
       "famrel     -0.067647  0.060893  0.052807  0.061296  \n",
       "freetime   -0.042332 -0.040185 -0.061199 -0.058860  \n",
       "goout       0.025046 -0.093786 -0.091030 -0.081691  \n",
       "Dalc        0.125517 -0.112935 -0.084944 -0.075212  \n",
       "Walc        0.131147 -0.131321 -0.102820 -0.084689  \n",
       "health     -0.039903 -0.025414 -0.053883 -0.047812  \n",
       "absences    1.000000 -0.050925 -0.042650 -0.004601  \n",
       "G1         -0.050925  1.000000  0.841436  0.796569  \n",
       "G2         -0.042650  0.841436  1.000000  0.913548  \n",
       "G3         -0.004601  0.796569  0.913548  1.000000  "
      ]
     },
     "execution_count": 286,
     "metadata": {},
     "output_type": "execute_result"
    }
   ],
   "source": [
    "df.corr()"
   ]
  },
  {
   "cell_type": "code",
   "execution_count": 142,
   "metadata": {},
   "outputs": [
    {
     "data": {
